100
100 10000
7735 1302 1974 6520 1751 6352 8684 4244 4398 3893 4467 5503 6435 8793 141 9714 9502 7972 1541 3085 508 5437 3474 1228 4404 1023 8146 6908 7429 1073 8777 7884 3109 4732 3347 9453 7559 9279 9513 3393 9586 8505 6593 6445 6516 8655 1005 5426 4938 9735 4135 9329 5918 9774 3297 4727 5537 9419 7734 7968 3983 1073 2167 8888 1543 3103 1194 9076 1871 5936 7137 6157 2879 5390 974 4664 6105 4713 4014 7703 7626 4239 1037 6541 9880 6633 7917 7521 560 6682 558 3782 6974 9079 6974 1774 5012 2104 6051 2809 
100 10000
8574 6497 811 2208 2827 27 3095 4859 768 449 2910 9711 1978 8860 4410 9164 1048 9546 9712 8562 1357 5681 2379 7149 3715 1339 8087 5371 1245 1399 6829 3509 9341 5547 8527 6673 3279 899 8322 1123 1513 3375 9556 800 325 2084 7177 5571 3224 2059 3875 6948 6593 8965 8831 2288 3087 941 8078 8724 9644 5948 6441 9871 4163 1659 1217 8441 3503 2140 1204 6222 2422 4750 838 1037 6304 1239 7534 4490 3297 4972 4430 5789 5072 9141 3578 5057 8675 3082 6562 9253 8560 4141 7981 3796 1600 3424 6927 6909 
100 10000
1043 654 2278 6342 9367 6721 5044 1176 1798 9050 5206 516 9550 1327 8122 1752 6509 9424 2635 1861 3871 191 6321 7834 6291 907 2494 2016 4430 5309 6410 6773 290 8757 3020 6810 3038 9952 4217 7230 8663 3607 6433 4618 6710 4593 2455 2429 4902 1041 322 3418 7417 544 3757 9480 7180 2355 7389 5753 9683 7214 2403 1887 6392 9183 3562 2538 6241 6601 5703 1006 5108 961 2911 6471 803 2992 96 9150 3850 5481 3546 6903 8415 2867 7914 9210 6597 346 8044 1288 2888 5369 6533 8839 7451 9715 9980 480 
100 10000
2335 2634 3990 6878 743 8968 6369 3230 861 3533 3318 7448 7226 5411 5194 7536 2420 8849 7118 9889 2252 1915 9473 9067 4740 7825 9968 5682 4197 8144 5907 2910 3433 9089 1576 723 9441 3642 8589 858 2481 5631 8107 3764 5732 4355 700 8833 4184 5406 3810 5260 9674 5370 6029 7043 5088 3027 9567 6782 6688 9090 3240 390 1440 4792 2082 1450 2981 8026 7173 7153 4105 4502 9466 4625 5239 1665 1467 8349 672 6980 5366 9374 9218 2134 8869 4716 5746 1749 3653 7653 5895 1300 8916 3712 5751 2311 3474 1371 
100 10000
4801 7673 5718 3344 4659 1183 2180 2749 3986 3201 6017 9653 5312 1052 502 9401 5723 5975 3753 8830 678 857 8764 5247 2639 2552 4316 4729 6351 4551 6440 4191 843 5241 7576 5022 5363 422 1004 2035 5540 8497 3934 6097 2673 9098 7870 5135 7239 895 8286 4090 7562 6706 6199 3151 2862 9667 1074 7393 2460 1720 4552 882 3150 7880 1491 6909 3220 9885 3678 3747 5612 5187 9169 950 7255 4485 3952 2205 8201 2811 3420 7177 3744 8365 4458 4758 4659 9964 5141 1975 7533 282 7782 1456 4688 4313 5741 6165 
100 10000
7730 6445 4933 5739 6410 673 4691 2239 2762 6691 6562 7886 8945 688 112 9507 5957 4821 6355 5126 5090 4594 8332 5757 7978 642 4165 7291 3169 1204 2394 8019 4155 201 6425 2111 8349 1029 2801 769 245 2381 6798 3155 6700 7320 5888 1680 8219 4508 8044 8370 5831 6192 3127 8208 9459 7469 387 9862 2702 3123 9294 5619 79 3687 7419 6168 2420 1340 6408 5756 6317 809 8185 645 6679 2669 7963 1471 6988 3324 5497 9324 164 9138 1942 1606 6787 2733 8905 2467 3031 1941 5317 1154 6803 3343 5106 9948 
100 10000
7117 1086 5791 1813 2840 5445 7654 3482 5680 8488 6564 3592 4672 9532 4233 463 9713 8426 5001 1034 9112 5411 8274 814 3309 6940 9250 7882 8826 1994 7300 4083 2492 6090 2720 6033 4842 3100 9027 5568 2370 8239 7493 7131 5501 9878 792 1511 4103 7477 3596 930 7875 9551 2053 1414 6533 4047 9154 9570 4927 4452 965 2811 2998 7908 8091 360 5262 1050 6225 4468 4648 9806 662 5167 6653 7581 498 391 9487 4996 8857 3360 8835 4522 8837 9109 9177 4145 3188 7593 5766 1469 5904 9024 6844 6127 8333 9669 
100 10000
8028 2665 9463 5330 6193 3398 509 8034 7656 7674 8573 9380 8573 8086 1999 1725 5758 9832 9971 6994 977 8659 696 1796 8360 6964 7384 3502 8953 8786 5261 4089 7236 3911 1894 7912 2079 2492 1226 9614 9480 3814 1615 3036 8920 8926 3309 9047 1381 6401 7298 5282 5023 5684 9388 4269 5742 1503 4719 1338 7446 9947 8193 8159 1649 253 7563 2207 8396 6362 9129 7263 3875 6791 9884 1873 2102 734 6674 9799 1837 9546 8425 700 2772 2764 7060 2547 3355 9438 4567 141 3488 677 2027 2012 5364 9457 2036 9155 
100 10000
6970 3629 3188 5845 2152 9254 3957 4519 8413 2722 4336 5986 8354 7268 7439 4996 3757 2937 8380 288 7681 284 5121 1124 264 3311 6616 3316 5283 8547 9588 4685 3429 8960 5769 7535 7325 605 4310 2223 3051 771 7983 3049 1867 114 4543 5713 3114 7988 2787 3067 8788 5257 3862 533 2944 2697 4675 9715 1626 3128 3902 8974 6582 8008 9952 3995 5934 7768 2518 783 9526 1595 632 9966 7046 1561 4633 8811 6886 9769 8944 2339 2164 785 2753 7846 7612 7411 900 5220 6361 118 9420 6255 2466 8790 3092 5676 
100 10000
1202 6050 6208 7733 4873 8968 9753 9969 9330 7676 7797 6811 958 3684 2025 8048 9780 2750 8931 7963 4042 1784 9324 5744 3253 7942 2145 2610 4971 4243 3339 1859 9225 2322 6404 1568 6718 5176 6667 1034 6811 5123 5177 4859 4896 7168 268 8013 6979 665 6545 4047 7708 7557 8408 7521 6506 2753 1408 2892 8045 2209 1902 8980 772 3263 1526 9445 7839 334 2264 4415 5176 1382 7500 5124 8192 9717 648 4180 8899 239 465 3934 3375 382 6017 2264 4781 3404 1234 258 9480 5636 6285 7754 5751 1653 5862 3084 
100 10000
9220 5993 2513 9505 3039 3747 293 5585 8429 296 289 3391 4562 382 7281 6225 2571 3920 9674 7577 6106 3826 9622 5491 1573 8888 5291 784 9630 2135 1090 4590 1944 9728 9864 8765 3950 3274 4994 3593 3043 3654 6860 4617 9608 2441 3088 719 2912 3052 5540 5105 3130 9077 1612 7159 3544 6042 7519 4192 2051 3838 9192 5271 7036 7831 6500 1983 6299 7257 5726 7320 5935 819 974 3410 8233 7939 2832 1943 2817 7409 6621 6155 5944 6423 3879 9764 7407 6383 5715 6108 5149 7359 1851 2214 8332 670 656 7038 
100 10000
8227 5812 6767 5269 5682 678 9119 3216 4277 6508 2493 6125 9313 8407 1044 530 1324 3005 2102 6887 7317 3716 9912 1273 5904 9462 1678 9748 2782 4639 6803 8298 8112 4660 5988 6426 5130 646 4194 10 5194 3755 7163 916 8910 8242 6706 5752 3991 1649 7492 1370 7506 355 2714 7199 6761 2764 7177 6529 8065 6493 4779 6201 3748 8052 594 8180 8754 7338 7071 557 9404 3449 7733 2333 9629 8742 9324 9158 5892 2707 5042 9026 7377 2924 118 4280 7027 8519 8738 3932 102 4486 8618 4441 815 81 8448 2591 
100 10000
7737 1165 2319 6438 2253 1391 2909 7514 2164 5965 1737 6281 8070 449 9953 257 2209 6028 6087 2833 9241 1728 9699 6326 2478 4564 7952 8518 7403 6950 171 1742 4700 9231 5906 2761 6634 4218 6201 4250 5192 224 7623 3093 3541 1531 8796 779 2516 883 2260 8146 2418 2173 9171 6544 8484 4075 7061 1005 9556 6674 9682 6911 3888 6369 246 5869 6669 4588 5003 9849 2201 6067 2598 3361 3908 4438 8334 682 8513 4458 1381 4263 2521 8539 5397 4804 3139 5323 5488 6418 8999 6263 32 7889 9947 4940 3983 1081 
100 10000
4159 315 5908 7353 4477 5494 745 8565 4434 6790 5629 9349 4630 558 2040 19 8997 6480 2096 8653 6177 2883 3820 6079 6189 1127 5399 7306 6147 4595 8764 6689 9505 726 5517 4849 7039 7808 7113 3174 4543 9667 2408 3929 1300 9267 969 9660 1128 1330 2588 1973 4667 3910 6328 700 4456 6333 8468 7589 5023 6013 6135 7109 2609 5708 65 8023 9503 128 8023 9593 8877 443 220 86 7146 225 6258 6605 4479 9238 4241 4837 6623 3301 5374 3048 5010 3261 7725 7846 2851 5925 8472 639 8357 5391 8388 7620 
100 10000
9374 5477 4930 6078 3806 1362 2407 4651 8005 8701 2818 9876 3878 2442 3771 5566 8037 395 7124 7508 7686 1124 8720 72 5108 4018 1791 41 9863 7789 7950 7342 838 2180 3876 7796 2737 5773 9261 6786 1574 630 3486 793 9170 9401 6443 46 6538 1952 2191 4563 2183 9211 8720 9749 9162 4603 2808 7115 3745 7791 5944 2438 8651 5726 9292 712 9679 5527 447 3329 6150 7220 9113 652 4405 5844 2884 3469 7053 4347 8176 6560 9930 895 3572 4027 4764 4317 5249 5468 2549 6962 6840 7448 4809 2676 3180 6752 
100 10000
7235 8683 5212 9639 958 8676 1291 8037 6610 7481 1212 5824 1080 6111 4955 1983 7888 3643 2958 5187 2666 3895 4365 3416 210 855 3472 4338 5693 8230 4551 7030 9124 4548 1278 6833 5764 3673 6007 4335 3577 4549 199 4807 4785 9301 6533 1003 4082 8424 3365 4302 8552 5623 592 118 1896 2213 6309 6753 1060 5488 2888 6151 9221 1433 6877 5632 2257 1634 1807 1007 3212 7057 6093 9153 1255 3049 4837 9565 9977 109 7820 4576 5479 3054 1993 9571 1759 3986 9225 5203 8461 6626 8214 7127 8662 8397 6515 6826 
100 10000
2268 969 6214 8563 4454 991 5272 2099 8437 3445 2448 5582 850 3722 4277 3826 1546 6756 4560 7536 6489 5770 7374 1842 5620 7985 1255 6383 9578 7635 712 2216 7132 329 9297 3836 6227 9748 7996 2591 3673 5480 5758 697 7774 393 3675 3029 6976 9653 5129 9166 5200 6119 1630 1620 1005 2775 3197 4309 7860 2299 2250 1782 3225 5228 2319 1845 8419 5692 7812 4566 9346 8539 2743 9806 1730 3942 9102 2931 1929 9517 4037 9085 6675 5466 4543 619 5624 3456 6320 756 2023 982 5430 727 3756 9075 3275 7472 
100 10000
884 8069 9115 6762 301 8735 3500 722 9174 9320 8650 9130 7089 2238 2711 2368 5494 6679 3853 3119 2162 7368 9383 6863 1810 55 9390 7676 3108 5794 2225 8497 818 9502 7190 4449 7905 6681 1635 2454 7989 7422 3070 8479 7497 7556 724 1859 2309 9101 7211 6181 764 7092 2614 8747 1873 4906 5671 9835 47 4606 6025 7737 986 1855 3834 1363 8144 8723 155 4912 8696 9997 4042 4263 8363 6684 7718 9373 950 8891 3553 9237 59 4490 7905 1462 9820 5333 7578 9313 1852 9012 3278 8307 7911 2665 3961 7480 
100 10000
5292 9759 7481 7218 9412 4717 204 545 4783 4960 4112 6520 8632 4090 7386 8429 7861 1963 9418 4335 9232 3363 2902 3145 4102 9939 8716 6184 2497 567 4099 8260 2609 2267 2503 8898 5820 4476 3556 7123 4134 7983 9559 8431 8505 1712 2690 5960 9264 9740 28 3767 8121 9219 7254 4479 3566 3714 5262 2100 4041 5125 6555 5843 5510 7765 2434 7141 921 3589 8270 9360 8577 7374 9855 4484 1485 2702 1493 456 6524 4138 3830 4834 9696 1926 2489 9857 516 2304 2815 8093 227 655 6220 3961 6170 2915 4172 9898 
100 10000
1674 6226 8327 1030 7468 218 5589 7727 1068 6299 8797 2591 8113 910 624 3531 9878 8886 5853 1069 7039 1588 215 4635 5588 2828 212 8728 2608 2594 7988 788 2285 3170 2673 5624 1921 3112 5104 7331 3628 2560 9602 8071 4473 199 7291 3373 6179 214 6810 723 5283 9804 2406 5573 6097 9211 8398 3907 9670 2721 581 4392 9095 4272 1242 1120 2129 558 7521 817 8003 5001 8392 8981 875 2024 2842 1312 3417 1508 7062 5776 1482 2556 7124 2266 2954 8235 2254 1427 4676 4893 7173 2642 9449 9089 6973 9202 
100 10000
3896 6916 2407 3286 9303 5453 3922 19 5582 2091 6518 5116 5360 3001 89 2647 9208 9165 5596 298 510 7853 7716 9149 8066 7092 6801 1764 7269 3696 4874 430 9087 4711 8707 9795 6366 9266 4826 9676 5638 713 816 3107 3965 7371 1189 494 6382 7146 713 1408 6856 6056 6241 2093 3658 5910 8738 1838 3084 4700 2185 2763 3276 5770 3892 58 4551 5296 3638 380 2580 4553 7824 2336 4572 5655 913 1989 8253 9130 3409 8841 1983 3474 750 2187 2762 1749 8296 427 7832 180 1478 3954 6280 2300 504 8240 
100 10000
3595 4481 3758 1781 29 3627 868 8416 2483 9384 3833 1467 7343 6570 113 7977 5075 5941 327 4110 6896 8880 8412 9729 6305 7320 1078 4452 6427 9144 7327 4390 8144 7621 9523 4476 8120 4993 1897 9078 5952 4929 8851 2119 153 7658 3035 1095 8027 1842 3029 4185 1234 1820 7798 580 6490 3832 5216 4346 4753 4869 958 4130 1919 3306 1475 5326 3841 7189 4414 4641 181 3157 8259 7409 5648 3787 160 4574 3590 5756 5444 4704 7336 7572 4328 6969 1347 1953 3917 2707 5448 46 508 5884 5430 1681 3467 4731 
100 10000
5275 5205 9211 1142 5944 236 7230 8162 8555 8811 1918 9877 2955 2290 9565 3470 9069 2854 6151 3427 9333 5753 9220 8714 9078 3653 2716 6664 2400 5975 8552 4430 5649 6012 5064 7195 2411 7957 8132 9319 2658 6270 9056 9267 6117 7261 3317 3610 1104 377 2002 1066 4178 7546 238 3046 181 1270 3573 9480 734 5155 7973 2423 1457 8626 9696 4855 1992 8208 5240 7692 8438 9324 8270 6379 5027 815 2521 5643 729 9820 5085 3789 5232 313 8074 6808 2869 4702 6978 5260 8357 8290 3970 4981 7886 5598 7239 7822 
100 10000
4701 323 3949 6999 939 4888 3646 5350 6856 2205 7322 1058 7702 7167 1826 1921 1888 7017 7693 9660 2410 1455 8690 227 2543 8297 7284 7131 4761 2174 1436 9680 2959 1334 2316 2768 5961 3559 8415 8142 6272 283 2285 919 4939 1586 299 5446 1794 6161 6806 660 7183 5638 6632 6093 5116 2091 8744 9155 3045 978 3566 9582 1824 8141 7428 4024 2065 8779 1013 9761 9261 8615 8736 1810 7101 8957 9481 7475 8680 6315 4247 3495 690 4223 3115 7728 7791 9222 5903 9543 273 8159 39 5459 7883 9420 2988 5731 
100 10000
1768 4891 4292 5043 932 7028 2586 4123 9384 6546 3607 4958 5451 4349 8945 328 421 6330 2413 6920 5388 1619 8561 3512 7228 3589 6856 3672 1011 8496 2669 3071 9595 7860 6073 4545 3588 6685 7211 4526 7354 760 2889 989 2588 6199 2792 9848 2133 5770 4743 5016 8665 7794 2205 8151 1647 332 9855 9546 3477 7373 4434 4646 4229 1589 5633 9470 3561 3634 6081 222 6197 9890 6707 7112 9774 8081 7704 3139 1436 3965 9441 8668 1265 9979 6008 2406 6568 6794 589 5037 1408 3378 210 8633 9405 3572 9480 776 
100 10000
3752 8976 8450 5618 6 4479 2579 9488 2629 365 7111 804 9178 8532 5329 2001 6684 3277 9319 708 7018 5090 8363 1649 8996 8734 3874 723 5884 9086 5637 4237 5722 4742 8471 3795 8069 2781 6691 6270 68 7791 1418 2987 9051 1982 1802 2558 9681 2221 7655 2409 3689 9806 8470 1792 6424 3943 1296 9223 2216 4094 7947 4615 5304 2657 3277 4853 8542 985 9837 2130 7749 3758 1257 4527 4237 3029 7142 9672 9494 5574 6042 2569 6966 5865 5463 9270 2877 2173 5817 4983 9424 4390 5898 6885 1823 826 4492 9750 
100 10000
3533 2892 2071 4263 6526 8293 8922 6845 541 9780 3734 8566 4222 8406 8114 5582 328 5437 2993 483 8286 7478 2456 2109 6304 8953 1201 4652 7975 2615 2212 4456 2277 1076 677 3601 2821 3411 3231 6736 3265 7391 9151 460 6358 2580 5557 5309 8100 5219 4935 2659 9660 6947 8723 1438 2232 1129 8839 1405 5130 9370 3974 4559 6935 357 2089 7134 9819 5128 4069 190 2656 6218 2604 2278 126 3494 4322 4001 1868 6596 3048 8054 6654 1517 3928 2384 246 1582 2311 6899 4318 1999 8425 8512 5779 7688 4849 3031 
100 10000
6142 5793 6537 4040 4480 1683 472 5850 6449 2941 4357 2256 1524 9210 5898 7552 6667 9791 9105 2173 2423 2936 3214 105 2052 7734 1849 58 568 9475 8814 5633 6102 8563 9402 3529 6384 4647 792 779 8769 5069 81 5658 1844 7000 840 5591 9045 3467 8953 2113 8226 4051 1987 9395 1121 4645 3241 7542 8507 3354 7635 8646 9581 9518 2964 6994 1246 1650 6987 8070 9328 7867 8915 4791 2133 9633 5744 6527 2344 6012 7196 2299 7652 9034 6989 8076 7954 6895 1700 8856 6518 3679 206 7768 1201 5132 1058 3549 
100 10000
6698 6730 7933 8823 1578 323 9301 3826 5412 5709 2246 4633 6187 8249 1643 3831 7140 9013 7185 1421 9383 5954 6905 6244 9769 2461 9496 1415 1238 5774 4110 8684 6692 4811 9868 3353 4856 6406 366 6847 3806 2826 5199 9134 5614 4636 7682 3207 4371 4043 9981 8011 5221 2290 8915 1762 2985 8629 1783 2511 9598 6770 1951 3124 6583 7837 526 758 8444 3220 9913 8100 7240 904 891 5880 6115 808 9581 731 8119 7810 6513 2294 6167 442 4267 1839 1103 9815 8849 3129 1151 4947 168 4239 2499 1093 1137 5073 
100 10000
8918 9334 1529 3875 2182 1765 8859 6661 5848 3721 5606 4669 5491 3149 5628 1159 8220 3088 1486 442 3310 322 4301 7381 8776 2013 7332 423 1090 2966 6163 6851 4336 5820 6316 4651 5016 6779 5955 1345 5234 8156 3560 9630 3850 9135 8515 6646 2288 5419 1187 312 3458 2483 8211 8372 6079 8648 1685 1749 2440 1178 1482 1106 2906 3062 8723 2120 3705 9695 1023 847 1105 6448 8242 6888 5085 8046 5210 4451 5083 2217 1944 5958 57 6589 1966 6029 735 9968 3615 3874 1282 2398 4990 4804 9456 4989 5973 6224 
100 10000
4000 8265 5904 552 4885 3166 6932 1891 8413 2732 9438 5304 3827 1546 1882 568 7042 7442 8375 1483 7887 8251 2854 8497 1687 6729 546 4439 2222 789 6506 8921 8516 8883 3492 9935 8754 5122 4726 8972 5632 3587 1219 2564 5658 6644 2047 205 9065 3963 257 8658 8702 31 2101 1334 5014 1636 5228 1230 4598 705 1811 8075 6943 1399 2210 973 6698 3048 1399 5545 3912 9448 1547 5274 1765 3493 924 882 2506 5482 5303 5635 5148 4435 2842 7926 2308 8343 4945 8398 9887 6715 6466 6557 3 7444 2382 9912 
100 10000
6926 4707 2622 6065 2392 5798 6620 1236 3910 3316 5779 5992 7453 5341 5144 8754 6561 6802 8198 67 3080 5292 5771 3220 1452 6463 7343 4673 3183 5853 9695 3661 3524 7509 552 4409 2429 816 8951 1671 8685 3496 4600 4256 6426 2411 724 7958 6622 1459 23 7910 4821 6128 9489 5262 8459 3588 998 4223 4091 8855 2520 2217 3979 1145 6782 6314 7975 5123 9934 4265 2300 3606 6493 7989 6868 6367 9574 650 8257 9239 7992 5538 2435 9691 3140 119 9025 8738 5057 8422 6051 2561 7852 7397 9329 8813 8645 6899 
100 10000
205 2679 5690 1237 2907 8374 3105 2040 4585 9909 3022 4156 6336 6871 1761 6169 2012 8135 2766 2180 55 3487 7522 8895 272 18 5312 7580 4566 3159 6354 7920 10 1005 750 1642 174 8226 8153 1556 4137 8745 4965 9384 6571 8380 517 6914 6240 2965 9977 3944 9327 1742 9315 4970 7019 4027 7123 6991 4212 9067 3147 4482 2008 5117 3668 8 141 2807 7841 3787 2833 2444 2494 5267 384 5783 2156 2428 9326 6702 1141 8481 9614 824 797 8329 1158 1247 4768 5834 2068 9758 643 6289 7843 8900 494 8893 
100 10000
5477 2266 7198 7281 7408 8116 7735 4526 7798 4014 1532 4108 7249 3200 5356 8340 7695 5472 9878 5774 8932 223 2555 7226 5343 7670 2470 2032 8606 170 6186 8452 3341 9691 9354 2266 8884 6580 4942 4567 8691 8768 9928 40 6525 7930 8729 9626 7873 8558 5594 1495 3858 2515 2346 6879 1452 8188 1811 6358 2154 4451 4314 4313 1036 196 7388 1437 4260 8514 9598 7578 8440 1873 2765 5992 4177 7787 7289 7381 4352 1779 8747 6427 7851 5156 5000 4382 1691 9911 9911 6206 1614 3873 1269 7994 605 4919 6537 1348 
100 10000
2939 6036 5238 7771 7169 1146 4401 4044 7209 8484 1977 1938 7095 7157 8832 2378 9446 6876 5752 2486 1026 607 5703 7786 4013 194 3901 5977 4571 3965 4628 9630 8136 2613 7347 4958 5572 2838 9573 9657 120 5351 2521 1106 6032 8555 9643 2927 8550 6470 141 3782 9334 4050 5260 3259 1943 5788 4597 6774 9411 9518 3502 4021 5368 8528 213 3143 8691 7193 5027 3048 5664 8413 8829 4161 6498 7570 6915 1656 4646 2693 3281 3847 1369 384 1827 1342 2683 8604 1111 4993 1926 3246 4876 6891 4165 7061 5331 8321 
100 10000
1087 1435 8891 4335 4130 2712 2168 2968 5748 5034 5384 1604 1214 6264 7216 1176 1679 8916 3030 5291 7518 8765 1855 9879 1088 5896 5832 9641 913 7722 2869 4123 9683 228 137 8231 6043 8551 9692 6554 6536 473 1601 6937 2187 4415 8218 9113 3450 8325 1947 9864 5933 3328 6638 5232 2268 5662 5285 7130 7137 2620 8685 7822 5238 862 9424 7010 4260 1231 5435 6529 9366 3961 4561 6795 4920 7556 2779 2352 742 512 2573 9943 4345 8675 3933 4732 6190 9717 7436 9437 3823 1493 4122 5545 530 1428 4248 8800 
100 10000
303 350 388 2974 7626 2315 2281 242 5826 9071 3387 1210 6044 6242 4501 7198 6251 9506 9679 9688 6338 6194 6088 8605 6255 2411 6107 5724 9428 4976 80 9428 252 3588 32 6146 4168 9375 4921 2185 7014 7603 9838 4846 9922 7404 6359 4514 6255 8902 2585 3419 1215 369 3126 1354 1365 3297 3865 974 5009 9123 2079 2275 2217 5317 1227 9499 9474 9894 9901 9659 2186 2430 3284 1537 3794 853 8679 7271 4840 5746 6145 1876 1429 8592 6911 9038 7610 7147 9056 2412 9331 3066 4573 7306 9775 8288 6678 8830 
100 10000
315 2506 4900 4443 8491 8684 7777 7186 8101 5102 2770 2954 1382 8961 8132 4052 9053 6469 9060 8891 8480 1815 9853 8222 6882 8679 7327 7896 4932 1319 2217 63 8027 9633 9984 8503 2794 8661 9536 8850 4523 8774 782 6351 5770 5145 1633 6530 5578 476 6390 2789 451 1077 1456 1304 1880 3703 4940 5248 980 3628 5602 9065 9851 8865 8265 1576 1659 597 6735 8065 6721 191 5468 6087 3390 8668 992 2000 7736 2984 1821 435 4811 5947 9704 1448 1460 1276 4454 4453 9198 4940 1616 304 8162 32 3056 7145 
100 10000
6969 4442 9319 7814 567 5519 8458 4903 9843 7521 744 8030 6353 731 792 5993 8912 1877 8560 9401 7219 8881 1811 9678 7251 142 8299 4006 8470 9878 7692 3866 7273 5633 5301 6874 9626 4991 5022 6842 535 5907 2439 3745 7927 6559 7495 1219 6702 3578 258 2813 2230 7769 7589 8189 2291 9156 3793 3328 6906 8485 5813 2929 7311 8967 3356 6959 5409 607 5236 1987 7702 5114 2162 6472 2503 4716 8819 1321 2597 6173 7735 4307 7078 431 8539 1618 262 6081 2594 5898 582 2321 3393 758 4775 259 4985 1810 
100 10000
5853 6840 7529 4964 3908 5993 3986 6857 989 877 9267 9384 1122 3617 6846 1314 2127 7736 5583 2140 3672 1148 7627 7384 1427 5951 6662 6163 4995 7324 4421 2966 8855 1182 4561 4770 2343 6137 903 6122 6298 1513 2658 9078 6914 6854 6096 1857 6439 500 9243 5628 3257 1520 9234 3581 2941 7806 9046 5805 3128 4504 7616 8523 8846 5015 4569 9378 704 8906 2597 6511 2426 3348 314 427 2292 6493 4523 7250 6893 5288 5065 6816 5959 2581 9191 9647 9159 1308 8186 5341 8544 8126 9184 2454 4991 2420 5445 6253 
100 10000
4583 47 7562 8672 3707 7408 7864 8702 1518 413 9810 370 2730 4685 8768 6695 3121 4481 2506 8126 4934 4764 9296 9174 4185 2132 5181 8681 1921 2152 1718 7445 2753 5685 7424 7282 1191 7441 9336 991 2029 4226 6732 8290 1432 8152 4065 7382 155 9524 7372 3155 1781 3660 485 2131 8274 2427 3457 7339 2536 2927 9977 2384 7686 1589 436 8811 5206 6958 6808 5118 4245 4974 4266 7941 7607 6347 9207 5732 4805 3613 170 8559 5041 989 236 6620 3730 5906 7740 3359 9197 4773 3722 8477 3087 9991 7224 6811 
100 10000
4028 1385 2884 3489 8711 4533 5691 3965 8339 5850 3890 5241 8133 1494 8856 7079 3456 9140 6581 3456 7403 7381 9580 1062 5303 6452 499 7210 7287 5381 874 2010 7989 4872 2537 5594 8454 1543 3659 5731 8066 9007 5627 9397 3440 8279 4678 3020 204 9123 5811 9648 1480 936 2247 5429 4036 8287 9619 2536 8368 6966 3616 8401 6246 345 503 4125 7433 2170 9313 9848 6789 7464 4415 1620 2427 7400 4841 4055 8732 4369 2621 6416 169 1693 2724 8134 2603 624 5323 6593 6815 9299 1692 4319 8170 7146 2647 5079 
100 10000
7757 8440 9064 7601 478 3547 5719 4475 4875 9110 4906 1648 3838 8345 705 5122 9278 7038 8996 2135 3207 2834 7846 4031 2582 5888 5525 9977 7035 3874 3248 2826 3376 8819 8857 9982 1949 4330 8872 1171 8614 8097 5636 9442 6423 5922 1120 7937 8864 7721 1466 1789 544 2068 3274 1538 6145 5538 9262 5472 4096 4885 836 2676 9100 2858 6261 9268 1330 2625 2346 3866 520 1227 4195 1485 2975 3655 5438 9925 2844 5449 984 2621 7180 3960 3328 5837 3202 1668 4412 2604 2501 9491 9112 1088 1451 4197 3566 1413 
100 10000
2655 1667 4610 5184 7241 1114 9775 3766 3188 5093 9377 7484 8902 1374 854 9211 9684 7298 1266 8156 9428 9448 67 5532 5709 3315 7020 410 1666 8237 3242 3163 5655 8570 1883 7512 7586 895 2732 8174 8889 7593 1241 4004 8290 1414 9562 6938 6527 2431 4474 1057 447 2688 5787 2058 3559 9261 257 4041 5085 3545 8888 1010 2667 5918 2963 4149 9466 7461 2993 4495 6324 6213 3917 6741 1635 8928 8394 1239 7108 6733 8181 1464 5864 5659 5223 6073 8963 3314 1469 1685 2911 5979 3230 4872 4537 9367 3657 5714 
100 10000
6032 7453 2724 7936 4041 9130 4790 5436 5445 8396 6374 7704 7619 9438 6680 4763 3824 9323 7705 8796 5689 4476 9898 6497 3936 8524 8942 3268 2811 3377 4081 590 6428 6520 8897 973 5925 4655 5674 9834 5663 935 62 9390 4407 7669 1442 4039 2804 3460 8240 2028 3969 1059 2322 3305 8901 7869 271 9120 4462 8037 192 8144 2395 9617 7322 5983 9520 2111 9481 1922 5559 501 9419 1592 2400 5599 5803 887 7879 7281 2934 6428 1874 7810 8878 590 6348 3573 775 9487 6061 1499 6273 6036 6594 7275 7127 9760 
100 10000
5935 1942 507 4528 6917 7257 9113 4448 9987 3919 7340 7766 8405 2871 2097 3311 1149 5075 5117 3966 3641 7902 6953 7556 7525 9794 6830 7796 6151 7176 3228 8463 9925 592 6748 7864 2135 1660 7727 5745 3132 3668 5211 8150 3725 7312 6427 426 5036 7269 2067 107 8182 6067 2824 416 2989 3232 2500 5216 6104 3006 4623 7651 7515 11 8989 4976 6449 6117 1472 7101 7069 5863 6193 4857 738 4737 3502 3565 4105 9011 2600 8029 3263 2959 2190 1977 250 337 2366 9567 313 3322 8384 8076 8249 1864 584 2754 
100 10000
8319 2019 5945 1659 273 4977 3820 5299 4725 1072 438 3735 2819 4982 1200 1365 5309 6607 4475 1992 8111 5304 6248 9213 9842 1565 1921 97 295 3227 1864 6825 9440 4311 7224 3580 5995 6245 8212 5130 9960 5575 5575 7266 6391 4871 2860 6179 7419 932 4677 1523 2048 3241 9543 5290 9663 3001 8605 8282 8603 9497 860 6317 8849 5994 9784 5178 6382 6380 8621 2962 9387 7531 3599 3080 6120 9444 5170 3159 3088 9255 9564 85 8688 8071 626 6416 6180 1054 2658 842 2843 1358 7098 7470 1094 7873 6923 4719 
100 10000
159 8868 7103 5284 1254 7983 7652 1771 2149 738 4107 5745 1849 6155 1939 2057 6146 2620 4975 2532 9656 5754 4934 4187 347 3259 2332 7344 6415 491 2072 7551 1672 4598 9836 6789 8265 4602 6186 8751 639 8423 2623 4133 5018 6746 5642 9925 3840 7186 3552 3587 870 5309 5784 7848 9065 5408 7572 5586 8858 9013 118 9215 2933 6855 8272 6231 6024 4142 9945 1825 5542 4519 1444 9241 4807 2830 969 6287 2248 2456 7306 9681 8611 857 1785 9318 9617 2794 1050 1972 5177 5077 702 2545 8486 1923 196 6354 
100 10000
6017 4610 9764 5036 5220 2245 8830 6665 6801 8745 3952 9192 3780 560 377 5437 7909 8855 4018 7330 1556 1858 1485 5467 7709 1790 1993 8388 182 3416 5691 7771 8430 9854 6802 8473 4773 9179 8902 5658 5315 7706 1424 477 3996 7662 4971 31 1389 8132 7981 1437 9359 5021 7664 3259 8129 9443 7069 8622 9164 2502 9374 2383 8000 6770 402 6015 5184 6723 1148 4291 2845 1148 2025 5754 9062 8185 404 1841 2420 4360 390 6345 7015 7714 6547 9764 8916 5442 57 6011 6055 5511 9232 1204 7194 502 9545 1302 
100 10000
5351 9961 760 2337 2879 7493 1898 9873 2611 8244 5699 5366 3055 3454 7288 8222 7636 333 3820 9881 17 4590 2741 1024 1202 965 3134 5073 8554 2069 5138 9345 1724 956 2130 1326 2124 9856 5884 2815 151 5198 2724 3100 967 3213 6450 8276 7032 1669 9676 991 3089 5648 4076 3212 4055 8247 3045 2740 8992 2959 1437 9054 1092 7769 8032 5406 165 7005 9552 9071 8250 3565 7882 8451 5344 318 6151 208 6246 2892 4009 6074 818 3017 2477 8278 6313 7290 6201 2751 965 9566 3119 9904 4589 5285 4282 4468 
100 10000
921 2387 7107 6101 2656 4205 9250 1458 633 8504 2968 3584 3205 5996 5768 1792 4541 8341 9694 7396 275 3363 4546 2086 5161 4967 8202 5939 2159 5955 3905 8353 9119 3066 5945 9551 49 7716 1352 815 768 4550 6771 9174 6634 7792 2866 1538 6253 1042 3356 951 3499 454 8070 213 7211 3051 9059 4584 3879 8611 4327 8269 8233 4890 9174 9538 4389 1123 1174 9302 3717 6304 2729 2050 8413 2224 7142 6879 144 882 3473 198 2864 1479 5516 4568 8310 5126 148 5386 5870 2552 9704 4257 4265 7487 6537 4763 
100 10000
6392 22 2028 8400 6122 5858 3398 3193 5332 5837 717 5872 4801 5426 8422 7382 1791 4400 5920 9484 4328 4265 380 2826 9438 2951 9180 8335 1235 5397 5326 5423 9384 2120 495 6157 5968 9910 6763 4513 8433 5783 9568 8109 3591 9170 515 4151 6017 8997 3827 6708 6460 364 9689 6184 255 6765 6149 4489 5214 3610 5993 8828 3978 4077 4160 9153 915 3106 6173 6293 2330 897 9391 2607 4788 7306 2719 6490 3713 1586 162 8445 5113 1987 434 3907 3890 6461 4110 9713 8520 6263 3728 2737 5988 460 4433 7964 
100 10000
3118 7400 5167 573 105 1113 2373 2999 8362 7576 4074 187 1969 2424 5462 8019 3075 3583 6917 941 6285 2689 7263 7934 569 5420 943 1952 1223 7468 3324 493 6880 8002 7898 8421 2666 1430 5685 8912 4755 1635 2590 1183 2246 2599 922 9195 5017 1116 8833 4848 9098 6252 7352 1205 3271 9891 6446 8783 7772 3857 7327 2513 6043 9507 3020 9091 5070 8073 5004 7808 7710 8067 3574 7155 4900 7119 5862 9179 848 8825 8941 4163 1530 8310 5556 512 5930 6293 4713 2526 4239 6136 3495 7524 4988 443 1459 7268 
100 10000
3368 6923 5030 7728 8238 9156 966 3592 4095 1022 4279 4925 3653 6222 3657 8049 4298 7630 2585 659 3715 4848 1460 2723 1607 191 3118 7343 4988 2865 6052 9077 1331 4112 8224 9395 9798 3475 4697 7401 1494 4450 9371 741 2377 8249 6124 1612 778 8722 1632 1879 5766 5161 8075 6469 1979 2657 7395 215 9999 4494 8600 9524 1100 7516 8654 12 8787 2701 8319 3430 6010 1784 7522 4644 3273 6133 6072 9597 8068 2401 2997 508 9213 2697 9139 7801 9838 1913 6045 4204 2387 667 6139 1354 6218 8962 6104 3763 
100 10000
9305 2418 6298 8696 8070 2110 6231 5699 6030 7630 8781 3699 1229 2897 5458 6550 8285 2796 3053 6130 340 934 9640 2943 5475 5154 5332 8894 4583 175 7812 8156 1171 2865 1322 3284 7551 8190 3563 4689 1147 8300 1135 7890 1959 6640 7874 606 2606 8988 8432 400 3420 4549 3791 4966 2107 9909 193 6308 7422 4888 7144 963 298 8168 5913 4661 2667 5523 8123 852 2059 5184 1885 8760 3741 1812 9450 1886 2402 9319 9476 7320 6339 4052 1123 3239 9604 6568 2037 4721 2084 7029 5484 471 1578 9912 5250 1276 
100 10000
4755 4455 6902 2016 3857 1353 72 5324 540 4381 1158 3225 820 7249 5977 3838 7056 8183 4862 3557 9672 328 3144 4951 9717 9091 2679 8578 4153 922 3784 5875 3152 2921 8389 3699 4325 2865 8718 2493 7275 3691 832 5205 3132 365 66 6487 2987 5095 994 3683 3244 6375 7003 7678 5731 9446 9751 8010 7668 817 7881 4633 7184 4042 2392 8203 3862 4798 9692 3928 5048 3907 9538 8993 3874 919 3522 4491 3184 7756 3784 2379 3490 1074 3922 317 1765 7897 9382 7394 7422 7301 1072 6513 1394 4485 1899 1981 
100 10000
9574 3845 629 6262 353 4466 4538 1263 7121 2855 4479 4898 3407 2807 5900 8410 4141 9096 865 2356 7792 7340 2263 3700 7300 1106 5280 714 8171 4139 2832 1140 6279 9380 2082 9536 9603 5135 8646 3281 935 2950 1790 1556 361 1578 3652 5880 5143 9168 8465 8979 8007 6293 4666 2230 6643 4559 5321 4492 9079 8434 2541 523 2399 6937 2014 1974 2709 3706 8319 9275 2489 7825 4507 902 7608 2309 5385 8007 3723 2705 722 6506 4718 6228 6500 1855 5744 1619 7386 6962 3575 1241 4426 2914 4504 2580 5664 3252 
100 10000
9936 5441 6586 6223 9953 2916 2081 8460 4310 9843 5326 6651 6627 8078 3933 5694 7969 8591 5884 9211 9934 1422 7335 4632 5953 2005 4689 8160 8820 5238 9164 1734 3342 1334 4799 5589 1467 6163 90 9969 301 7840 9796 3967 3962 5005 3817 9672 2643 1142 9011 3640 2909 4235 1727 9424 7907 9142 3791 3483 357 5110 3409 4147 224 2393 7433 8808 1568 3536 6714 5124 1444 3684 5946 2703 3213 4647 3232 8903 9631 957 642 4230 2151 2319 4222 3797 3119 1897 7220 2935 3856 5521 538 3737 691 6056 4819 7691 
100 10000
9582 9477 1679 2051 6315 3023 1424 1261 7827 6852 7077 2693 5183 2904 9756 7900 6190 8026 867 208 5343 1090 2137 431 544 492 166 3723 776 3301 8125 5883 8710 6590 8344 2761 78 795 7903 2663 6707 403 335 2934 5314 3104 2197 89 8147 6023 8982 9333 4421 4967 1071 1687 4094 6596 4954 6477 5401 2297 5501 6393 3826 7238 2110 5445 3441 9012 3125 4683 7987 1607 5803 7604 5533 8702 405 1113 7173 5932 4 1292 7257 9502 907 9741 62 5584 9337 7868 5956 2542 3054 208 7362 4378 3083 9300 
100 10000
455 2081 2426 2723 6904 3691 3191 5769 3424 2687 7636 4186 3153 6237 406 3136 8164 5381 487 9893 6045 7123 7565 3844 4359 896 955 690 8466 1206 9501 2624 5103 7733 2343 9531 4652 4917 3195 1039 8201 6909 5353 7916 263 53 9332 4828 9635 2549 9489 5412 3607 5898 7857 4081 11 928 4789 1975 7343 9897 9217 7633 1998 7314 6548 1505 445 1744 9872 7044 8870 6868 8515 3773 6240 1965 3715 3179 1748 9510 663 8316 4883 1675 6587 4279 9494 5636 8947 8823 9153 4451 4892 7522 6801 6028 6683 9920 
100 10000
6585 8132 1734 4484 2645 8773 7513 5084 3223 3733 4704 3626 4302 7987 6032 4697 651 9985 5559 9241 5382 6837 2003 5476 1272 2119 469 6597 1858 4011 6358 5138 5550 9725 5920 3853 8341 9536 1610 6417 7414 4455 674 2702 7341 4818 6859 171 6019 3450 3937 7172 9077 7588 4969 4729 628 902 2422 3833 6795 4214 6141 2351 8344 2081 1010 9614 7414 8146 1839 4077 7243 1994 4036 1670 3764 4090 2908 8893 3722 7386 5092 2936 4206 9180 5446 1321 8106 7095 5051 7561 8443 1528 9199 1868 4934 1034 3261 9151 
100 10000
6713 7831 4778 6321 5898 4292 6109 9160 46 3731 4977 7691 6654 196 7522 6842 2225 3295 1770 6352 3217 5031 4523 8388 6259 8334 9820 964 904 9167 8139 816 5306 7980 7186 2187 4714 7479 9694 9472 1468 5031 5974 5985 4392 3342 8512 8902 4600 3072 5371 1927 5246 2597 9769 4427 4494 4105 9436 578 830 7027 98 4563 7528 2232 2907 1581 7373 2849 38 7498 1181 3709 1546 8827 2010 867 81 7978 1516 9056 6642 3695 70 835 7056 8451 4985 6576 3379 7607 2592 3317 5418 7524 9257 9444 2338 2738 
100 10000
5670 4743 7035 2499 8313 1454 3973 4482 4284 328 1081 7276 3476 3416 6857 874 6814 7511 4017 2282 4578 7849 5415 3162 388 5935 6502 7671 5160 9036 2573 8127 6280 6457 9098 1838 2420 3426 6158 7355 3501 7115 7181 5999 4743 2855 39 658 5156 3527 7351 7942 29 6135 417 3523 8051 708 6422 8628 1478 7443 6669 3382 2478 5061 3930 9716 4625 2917 8287 761 2934 3047 1093 2242 7484 1547 6295 1034 7558 8107 1246 8737 7954 9947 8733 9893 4867 7645 4706 6676 7431 9200 2896 4792 5615 9482 6188 527 
100 10000
8564 8913 1472 8275 7498 9174 1523 1837 2135 6351 9584 6331 2814 1693 2293 3358 9724 7407 4747 6519 2580 8961 3587 2357 8668 4487 2299 8943 6663 144 2223 652 3110 5156 9930 2040 8289 8866 7065 9734 7972 6379 3066 3389 1905 7715 7929 9597 797 1134 9794 4734 7496 7499 2258 7961 4636 8774 2846 162 51 7645 8043 4797 4786 7510 3534 9373 9340 192 2695 9079 43 1372 3244 2940 2691 837 5907 7650 772 5545 3165 4680 4586 8643 7808 3707 7143 696 5125 916 5740 3988 6569 8646 1896 6901 5910 3934 
100 10000
773 7304 6949 3027 3826 252 3400 7316 6341 9355 1823 3990 4491 7315 5694 8243 3991 1312 8047 5304 780 594 4048 5370 7685 8553 9431 9991 5695 5460 1901 9461 7671 5512 9397 8789 772 2369 6458 2687 2114 784 1831 3189 9098 6472 1940 4305 9113 4182 3196 2146 2248 8331 2392 3176 5207 6931 4655 4426 1937 9842 2800 4815 6683 6228 1472 4465 4691 7102 10 5941 4169 4427 3650 5626 2170 3013 8782 5549 20 1184 3421 4496 9921 2496 7286 9505 5362 9814 2827 1093 2884 6749 1157 660 2825 9372 9959 5538 
100 10000
2078 4217 6418 5671 7233 2784 5865 6512 200 6295 8151 5719 352 5458 3543 887 4631 4991 596 1004 9135 6434 9702 2186 7670 3053 9515 8496 9750 5522 8882 4203 2458 6266 7892 4890 6296 6174 3447 8402 953 2575 2358 5955 1042 605 1932 2589 5562 4727 8360 3478 7900 3403 1483 3767 9948 4640 1299 1674 2394 8940 6838 1764 3842 410 7313 3342 8591 5610 7208 8930 6173 5535 9193 9019 7430 33 5405 8011 7278 6131 4767 3695 3228 2902 9580 6958 3075 538 4430 1592 5563 5630 5519 2884 3215 8900 9687 1409 
100 10000
7172 5735 1499 7737 887 9026 7675 4563 9058 8105 2624 870 6988 9574 6340 5309 8965 8706 3267 616 8629 5277 5315 4876 3934 4079 7008 7282 6909 8402 7425 9380 4536 7992 6372 5192 5347 9253 9718 1309 3079 6808 9319 2665 9261 7730 9429 3837 451 6459 3897 4796 134 4514 6421 412 3457 8118 7891 5097 874 1580 5770 5343 2024 3782 3120 3788 8611 3731 3496 2691 5578 5625 8428 9899 2505 4682 1963 2270 2541 2138 4521 4017 3020 5595 4110 9773 6696 1647 393 6669 7472 3901 8391 9713 7970 9901 2193 29 
100 10000
8849 5423 9667 149 9562 8291 9699 237 9085 4402 2741 5779 2948 8066 5814 1227 7498 7156 1896 2021 5589 14 9266 4349 844 3123 3227 8726 8127 3845 4922 8214 5686 5270 876 4770 322 6560 3883 7510 5491 9068 6841 2832 6757 5202 2557 2638 1762 7948 4388 796 5489 9368 2323 2069 2275 6528 8577 9634 7253 3405 7059 7350 3805 7374 3667 1388 5399 5941 4831 280 7471 5890 2689 503 7631 9508 3808 2509 2751 4284 1043 7499 4433 936 9111 3887 8784 7099 509 5058 3097 1390 3888 8679 291 1175 6078 8697 
100 10000
9463 8497 9134 4080 1574 9990 2936 5817 8735 7098 3139 4488 5794 4881 2852 376 3775 496 8708 8944 8712 3087 8334 8208 1036 3206 9996 8586 692 3361 9368 3622 3351 2253 8926 8894 3769 715 8448 6669 4187 1850 2373 7064 1591 1395 8693 3007 5938 1798 4764 9535 5736 8848 155 3695 7990 7360 242 3165 2968 5687 2401 8031 6317 5027 6587 9507 7563 8932 8443 3324 5678 71 5357 1508 9655 9065 5204 1012 9518 2357 6764 8342 8543 7519 5483 3991 2454 2248 1549 8131 9382 8459 2449 6348 5874 4908 9438 5866 
100 10000
6667 6556 359 7230 1338 2734 7231 3234 1026 9620 8513 5858 2316 1592 1656 6702 7319 632 3929 1875 2610 9182 4848 4615 1510 7673 8931 630 7466 2176 9007 9375 1595 4577 4150 570 2008 772 3800 937 7894 2926 3873 6127 7368 20 4211 5717 8024 6708 3939 1971 8842 4967 2590 6027 3482 7636 7115 6249 732 8447 1657 56 4105 5819 5616 683 3826 5900 2499 5522 8360 5002 5528 8477 1872 4319 3367 8641 8937 6502 8913 3108 5251 6562 9191 3137 2179 8766 534 1598 2989 3744 2108 694 4957 6639 8474 3389 
100 10000
8670 3387 6264 7856 9680 2128 263 3412 5130 8944 5115 4550 7771 3552 6426 7585 7885 4600 3780 3573 3360 7168 1655 8156 4519 3772 7274 1349 3462 7384 821 4788 1056 3134 1449 1154 27 4160 9825 6902 7382 3475 1092 6128 1135 5772 9188 5921 3071 2529 9583 1951 295 2325 5101 9019 872 7539 8402 9544 8627 5837 1708 7868 3490 2895 561 553 4186 5985 3757 4081 4485 6981 3417 3111 3509 7319 4928 3147 2992 7428 8316 1255 6054 2295 996 9744 7795 7268 5708 3767 5945 9702 8650 4127 9831 8804 5262 2739 
100 10000
6521 7105 6058 8302 7477 5178 4095 7396 3836 8684 4953 9903 7924 9403 4428 7156 693 6219 2704 1816 443 9011 7284 2477 6961 222 4950 7260 1601 5197 2554 4058 2428 9408 6640 1128 389 3063 908 9804 8064 7614 7071 9902 8110 7787 994 3294 6670 6833 8984 2411 8768 3556 7392 1834 2209 4004 5074 7237 4060 2459 5288 4767 6427 4311 3089 4162 826 5861 2649 8973 9144 9957 6834 908 9253 6230 8393 6704 2396 4872 3131 8706 7000 9654 5603 9307 986 532 7264 5135 9011 1211 1809 8596 6465 5332 9780 70 
100 10000
6375 8560 5300 6382 4054 2889 782 6582 6001 4052 3135 6765 8901 5644 5823 2481 286 1141 5607 5996 6049 9888 9896 4938 7457 2967 3800 4333 3338 3124 8529 3969 1993 1480 6003 8647 6219 9346 7430 3090 8784 1144 5533 8116 5326 1176 6955 1687 2891 362 81 4798 3142 902 4296 2758 5373 1531 1849 5198 7832 6096 7413 5646 2467 387 8203 3871 6044 8704 9943 2796 7819 8238 4222 7779 1476 4070 4647 5927 6069 5163 2045 6681 5991 4632 6376 2769 2785 5704 7506 6651 2362 4951 4788 1282 1212 2658 1426 4138 
100 10000
8743 9845 7491 8682 5357 6373 6615 499 8648 5789 2801 2962 8419 9702 8161 3459 4017 7636 2269 9556 7541 6883 803 2587 3896 3912 7999 9647 2409 2301 4058 5829 5897 8341 326 5893 3934 2124 2019 5114 2296 1880 4623 4810 606 9525 7869 2284 3967 8416 2351 1132 6811 8816 2089 598 9187 5749 9127 5496 1122 5019 7434 6485 1340 9030 1593 5288 1990 5626 2229 1030 5503 5546 273 7999 3616 2349 8166 5340 8536 4155 1858 4226 6098 5844 2602 8227 6029 8313 7088 4026 8159 3819 9863 3117 4901 1749 9388 662 
100 10000
1261 518 999 7969 4784 6768 7306 2061 8099 6436 6450 9759 2799 7143 3907 987 7442 4934 4668 343 9450 3136 4395 4233 7987 9521 6593 7955 2169 3619 8684 6294 4066 8381 8924 552 8371 8365 3893 171 806 6235 9712 7291 6848 4360 1431 2922 7716 4758 9584 2453 7225 6272 4137 8363 4201 5552 7451 5843 3936 9733 8518 5852 9714 2560 3921 6008 7637 7935 4600 9022 3241 4959 3 9849 7550 530 8435 2690 3149 9436 6308 5838 5224 3320 4905 3321 1262 1289 9379 8075 7581 3865 6950 1648 584 6985 746 6084 
100 10000
1078 8474 2815 6537 231 243 5297 3215 4070 5933 2858 5018 3462 104 6062 9469 2701 9890 3161 153 7623 3749 9374 4844 4317 7415 6193 8416 8251 5612 7859 643 5886 6560 9933 6531 2428 3263 8552 3261 8267 5859 6169 9893 171 1958 3589 1413 5469 573 16 892 294 2673 7781 3663 8717 7317 1858 8620 2428 8636 9399 4918 7007 2771 1939 9358 5823 8690 6948 6356 3298 3769 59 6675 1332 67 8836 3941 6493 2839 5442 320 7006 4186 5668 860 3810 5319 6888 1011 5107 408 7013 1645 5912 3193 8161 5012 
100 10000
5359 8494 4886 4941 5232 4502 3315 88 4035 4928 5370 6714 5650 4959 4820 1825 6382 7003 8288 1706 7368 9307 7777 5250 815 3727 7139 8793 3971 9275 2116 5361 2593 8844 8949 7759 2574 2360 5789 8741 8954 1090 1163 7922 6911 5909 6720 4654 9635 1013 8091 9794 9682 5287 3961 2013 5628 7285 210 698 6279 1356 109 7764 3068 4921 8542 3609 6250 510 7444 8858 8834 2915 985 6071 1008 4368 9482 4705 5508 570 9346 3227 2661 897 3211 2279 1571 4564 4657 5920 4889 9534 7832 2289 3595 4980 7228 7323 
100 10000
7273 6631 3000 7649 6933 5393 6912 4000 4507 9359 9168 690 1366 9405 2908 2560 9365 1544 8132 9252 6080 5286 4869 6496 6664 5543 3445 6055 3602 4623 8517 6468 2894 1530 3532 4752 9962 388 3541 4174 2803 6635 7290 8600 6361 6317 7640 5519 574 3733 5604 6238 3454 6413 3613 832 7852 5796 9195 3843 4631 8235 6635 5147 2051 7895 6051 4228 7924 2116 3799 7251 9194 6751 7006 6101 6946 5152 385 3876 4220 5442 5930 8032 6136 8183 6832 9842 162 8264 8477 1061 921 2239 5278 633 4196 9372 1590 7112 
100 10000
4875 348 668 842 8632 6186 4330 4725 1359 9133 3804 5034 1881 1941 4716 4362 846 5121 5365 183 3670 7594 9666 9289 2117 9596 7782 6112 5956 8260 8302 6639 9942 5353 5044 8933 4126 3560 8820 8042 9767 9419 7657 3397 9750 5638 4667 6504 1025 5077 9409 3425 7300 7935 1346 792 6250 4657 311 1311 2827 9479 7634 8414 9396 851 6325 548 675 3283 4538 3947 4023 8888 2777 8760 5893 3169 5456 1850 2701 4347 5481 3572 8345 1140 399 2927 327 7541 477 2785 8527 8989 4888 7814 3550 8660 360 9838 
100 10000
9015 3369 2737 3407 5815 4230 2619 9505 1187 9826 9353 5656 7828 9935 4571 7462 3327 2563 9363 4253 8774 5774 7808 832 820 7493 7049 9337 4280 7382 4439 5270 4549 6044 2625 7632 3605 6155 5183 8125 501 1893 4349 6692 5718 1525 9546 9416 1075 4504 4954 219 9301 5928 7641 3937 9968 5440 5898 1259 8993 7038 8594 9894 428 4465 5163 2068 347 785 6600 891 2952 6102 6010 7404 6923 7035 2683 3711 8449 3927 2296 3795 7329 4762 8712 2541 6611 8386 8100 172 5658 7956 2394 9022 6664 1914 2124 3500 
100 10000
3866 4546 7430 4114 6039 2251 3567 2072 1874 1262 3553 9354 5867 4760 9549 7825 4857 5664 5697 5845 2769 8127 7227 8721 5225 9196 2342 8283 7232 9242 657 5224 9620 786 8248 880 7654 7650 5282 1452 523 8286 1816 5376 7452 6236 3795 7257 3403 2118 8549 8006 9094 589 5720 9875 6914 4428 5691 6022 7442 4017 4619 5003 5825 4133 6152 410 9520 7691 2456 4463 1355 6710 6785 8645 4198 9368 4338 4368 7719 2759 5602 4218 2996 6105 5807 1444 2332 3279 1904 5733 7824 3711 8319 1428 4169 8155 6165 2518 
100 10000
5754 4060 4843 4848 9839 9591 6348 8948 7243 6826 7460 6592 744 4925 5929 7888 6949 3325 6435 6079 8982 7715 3044 720 6999 5215 4662 1821 5622 9996 9382 2633 2316 3619 6349 8354 7783 7950 1314 3532 182 6453 9541 5240 9794 8405 8684 6223 4042 7916 4085 735 9847 8213 6622 7516 2311 4878 213 7676 2231 244 8600 8273 7297 5348 3726 3764 4900 1194 6876 6300 8726 5971 2141 4931 7740 8303 4302 375 4556 3326 8697 1631 340 5097 7864 4759 7515 8128 4814 5815 2284 8489 9461 804 1564 9143 4252 4866 
100 10000
3635 1580 9848 9192 5100 2967 3753 2383 3260 9512 4961 7838 2336 1389 4147 8642 7620 3224 383 9837 4023 1658 4303 1012 8929 9221 1796 2714 394 1751 5306 5156 7503 9560 2410 5611 3419 4837 7420 1871 9891 5444 9375 4873 8147 9249 6813 5624 4213 6910 2722 6945 7328 1612 7011 7255 1489 1657 5165 3867 4569 6757 6555 622 9625 7361 9473 3161 3053 6705 9162 9488 5308 6454 4202 2316 6724 582 7321 8441 3981 4381 1949 3975 5003 7772 7662 3787 7282 3080 2337 1439 9504 5154 9311 8471 5032 3917 2372 7169 
100 10000
5396 3836 802 9727 9076 6105 7307 2685 576 5298 4090 7305 2839 2273 716 7230 2406 805 4491 4264 381 713 8040 8555 1903 6456 4717 5315 7370 3028 3338 9406 9938 9534 1195 6092 8190 3738 4892 1581 5413 3341 3304 1377 5237 3157 8700 6857 4124 9777 7832 567 4432 9688 5213 8740 4642 9852 9865 2416 9665 7293 5151 3777 4730 2473 6537 2419 9180 9173 2686 6036 4244 593 5904 1722 3362 6493 576 2015 6257 9417 6297 4679 7333 4787 9331 3755 529 3595 9694 3050 408 7874 3480 856 3049 752 377 4974 
100 10000
2022 5619 5536 8483 3869 6363 9074 2603 5887 3467 2247 9719 6310 8394 4108 8263 4929 5245 6193 9728 6449 3225 5203 9142 5241 7138 5327 9298 609 3880 8455 749 2015 8183 8008 4397 2978 7027 7607 5282 571 1688 1265 7766 2645 423 9473 8992 1247 2725 150 5993 8468 1149 1769 1267 865 3782 445 5011 8078 4751 9531 6968 6038 9489 2418 3999 1516 6297 2045 2748 8070 4399 8819 3127 6783 7920 9136 8818 4877 9364 6425 6410 9621 8595 3191 623 4382 7745 6112 5038 7987 1561 2820 4058 5399 5265 7901 1444 
100 10000
4240 3018 6700 2353 7818 5660 5478 2027 3340 214 6385 2123 9222 3194 6517 5048 9294 4216 3543 6606 9854 5109 2898 382 770 7515 6871 6202 3585 7225 2184 7611 3961 8065 2198 2318 1709 8039 2248 4050 4618 4683 961 6274 7003 3304 6593 2920 7086 9625 8273 693 7907 324 4098 4350 3042 2880 9152 2681 1973 9228 8781 6324 845 5303 6747 9240 4277 5020 7199 8855 4240 7468 8676 1148 5293 7849 2964 2673 9795 836 9710 3283 3583 1733 8395 7426 9238 2494 2959 9769 9227 84 5523 8668 8979 1249 8107 9495 
100 10000
9681 7229 3475 5616 7089 3035 3238 2692 8451 6247 8670 9464 6623 9989 6971 3154 5201 1585 8791 7114 5849 4153 2852 7402 5520 836 9403 3975 5864 5608 1244 2872 3428 5127 186 686 8642 5335 2381 9779 5334 6417 1421 4425 6794 3726 3196 5952 8167 2409 2120 5130 6547 4919 1053 9744 6800 3798 5623 949 6186 8481 3399 8081 1149 125 744 1673 5147 2337 894 2276 271 6934 7380 9705 7979 9997 2535 1134 7602 2970 5284 9618 3738 7251 8515 18 3867 4049 622 3536 8890 6537 8490 9036 9898 1797 8191 2721 
100 10000
9429 379 362 8602 8789 5684 2414 1270 3599 8381 7129 7039 1365 6560 5276 6118 9 4334 9866 7122 119 8427 7591 1871 1817 6014 6273 1225 166 6071 6627 1347 345 458 3163 845 8193 3863 343 5874 9171 8656 9094 24 6370 9394 4211 2612 5799 9976 8391 818 5792 4842 5995 9824 4375 6306 8360 1124 4383 149 3171 8139 8131 3837 3394 6467 7830 7093 8580 7284 7482 9265 2397 1321 2502 3560 3237 964 3433 7494 8655 4934 8281 3347 5062 9006 5752 3067 6285 8151 6969 4447 4999 9013 7616 3187 4030 3883 
100 10000
2334 7180 3629 5900 1019 3704 2634 8276 9133 7521 5404 6843 5971 648 3430 2211 865 6728 8452 1260 5654 8262 5235 1747 6760 8620 8882 412 4208 2116 4653 2077 7805 3474 9145 9079 114 8370 1550 515 1988 9932 4427 6449 2137 8215 8903 4483 8439 9431 8609 3466 2621 6063 1151 7978 8710 754 7956 3866 4755 7337 4426 9817 3335 3773 5708 7978 6283 8833 8393 2280 5335 4697 851 9002 2613 9416 4965 8103 3977 9651 3370 7899 187 8632 6987 6647 6937 5178 742 6781 7029 1448 5205 8553 8875 6025 7450 957 
100 10000
8401 5836 3189 4278 8329 683 4281 2949 3570 3259 4029 2826 215 7456 5511 5441 204 8083 8874 2860 2493 6163 8059 4990 1850 1648 783 8536 8452 478 6884 5619 7674 1014 88 1991 6447 2543 9649 444 9185 7288 4532 8271 2006 4478 2559 5109 1746 2545 2762 2545 4326 3550 4193 6475 1267 1724 8016 6206 9119 7826 1719 1270 1269 1697 7673 4581 9478 7646 4564 4236 4035 8262 6140 7208 2028 6333 9269 3023 9141 623 9081 2426 6235 584 7419 7993 1984 8282 7196 4276 4191 341 3712 2140 5831 2428 8684 414 
100 10000
3638 9731 5956 6058 7514 4969 9725 5943 5434 2707 5212 4833 6258 9586 6456 8504 3201 6070 4976 5644 4666 14 4751 9580 5427 7100 3065 6055 5980 1626 1083 4233 917 3857 5823 5463 5585 2662 6501 9704 9315 4241 245 4578 7452 1712 8721 419 8584 7970 1362 6876 8252 699 9533 9181 6667 810 6560 5795 2544 6022 8611 5213 7988 2407 2729 8135 9321 1078 3678 9921 2090 476 5190 1033 7063 8182 8029 7947 2820 8956 5016 4114 3309 1133 76 8083 5966 9380 6946 971 4889 6391 7568 8141 8830 6028 5821 6030 
100 10000
1801 4095 9910 5340 9901 4822 2617 108 4753 7549 2390 4052 7192 288 5700 8641 3501 5011 2354 9155 5030 9917 7332 3012 1090 2072 2500 617 7780 8804 6404 4685 4745 1942 4641 2388 6924 8291 6399 7840 5381 7016 8540 5090 8507 9759 2805 8148 4959 5557 4840 5308 8695 7626 4508 2927 6698 2706 403 6962 2362 1017 480 4082 4263 7435 1701 4677 4037 3399 8237 6714 8846 8371 7949 3804 850 3557 7436 4454 1963 9970 8153 8357 878 2518 8423 2035 3147 9385 583 8708 1343 9741 2757 91 9184 4346 6257 1273 
100 10000
2035 9483 4050 8822 6516 4978 2527 5691 4993 245 355 487 526 1160 4860 6752 5257 6841 1272 184 2951 9277 1017 686 2162 1310 7222 1374 5213 5473 8968 6329 6133 9554 6550 4768 2201 8997 8808 2983 2052 2027 2518 713 4279 7803 1608 4710 6027 815 8182 6135 2362 2852 6681 5579 6468 5938 9271 1070 9909 1648 9123 9350 1443 8218 9595 5922 1683 4498 9443 2670 5381 3504 1431 7665 5049 3786 4337 9955 3786 617 4009 2579 8173 6232 384 368 7440 5088 6226 5447 4419 8248 6853 7846 329 3260 7632 6310 
100 10000
1069 3944 3084 5462 8167 2992 6377 554 3797 6462 8258 239 2003 3047 1527 4727 8664 8550 3602 601 100 4280 8123 1135 7617 708 5143 9990 8794 5389 6048 884 3191 5617 3216 4304 7462 6225 2525 5309 21 5492 3021 4862 7496 5172 7443 9641 5635 9399 3085 8581 8047 3895 9310 3412 3181 4969 4318 1359 4043 7385 9885 9449 9927 6836 5270 9798 3962 5077 4985 5776 442 5203 5800 6930 1455 1077 7157 5498 2520 384 6419 5060 2354 5918 6254 7100 7917 8952 3149 3493 9660 3888 5520 2304 9214 9350 3757 7274 
100 10000
9536 8046 7496 2163 7853 7274 9973 3215 7521 1821 8872 5138 9517 2495 9088 2751 1367 5267 5081 8864 7542 7718 7845 6596 7169 2263 1337 81 3746 5797 3657 186 7108 3942 6336 4803 6124 3031 9235 6600 2454 1871 9367 2173 5415 789 5155 4801 6019 8817 1845 6450 8401 5319 5936 2522 8038 5010 3982 7417 8998 6917 8966 5345 5681 8648 7992 9352 3698 6945 9635 9678 2996 4201 254 5002 7477 6315 7762 9907 3493 5130 4846 7415 4686 4298 3495 6173 5515 1537 9504 8659 7595 7771 4458 563 7253 9664 9797 6398 
100 10000
7515 7684 6698 1412 7351 2725 4781 3143 5151 1061 7168 8859 1236 6267 528 498 5518 9818 469 6085 3012 601 3328 3031 6736 1459 5269 5650 3921 6616 7207 2153 7703 5761 2371 3534 8438 424 8075 4667 2874 6129 371 8372 2830 377 8452 7549 4451 7486 6645 2821 4065 6322 9677 409 5412 2700 2259 1598 9685 7856 6839 9586 6421 5414 3559 8581 6038 5733 7273 3383 3624 3213 9990 2823 3384 2065 2599 1807 7821 2557 7460 1161 1994 6604 796 3373 8082 3587 1941 4870 8764 7461 8891 5493 2427 1747 1969 6982 
100 10000
880 8334 820 6428 8586 4215 1902 6289 9281 9043 3357 8004 3414 2879 6423 7750 52 5288 9729 2769 6484 5841 8803 9917 7553 2052 3390 4177 8046 4787 8778 6185 1692 8741 2976 4936 9799 1542 4437 1362 850 4743 6941 4620 4220 1059 5688 2739 2258 1032 4947 9179 6917 4895 6263 2904 1833 7982 9169 6946 8738 6836 4195 4857 4222 5764 5902 3494 8491 2857 3847 6940 1732 5095 2792 9595 771 5864 8238 3104 3454 8754 2326 7427 71 4626 2147 6814 9299 7953 2339 9337 5216 7006 970 5585 2312 5250 5333 5119 
100 10000
7173 1764 1529 1180 3792 7431 3376 7701 7682 888 5633 5989 5096 5325 9193 2217 9128 3137 8980 5815 8773 42 7238 3976 8908 8685 695 1543 3516 9455 47 8282 8073 2737 6202 683 6210 1128 146 2730 9304 1060 7095 7243 6216 8231 9353 3854 5663 7176 8821 62 3505 8845 8776 7960 5107 7777 3125 4586 3542 3964 5270 3391 2387 885 1224 2592 9755 2264 1607 3426 736 2603 905 904 579 9336 297 9234 3378 4869 6052 7740 2942 3228 6405 6560 3669 4736 6780 6181 1736 6968 9388 8172 4562 4788 1253 6854 
100 10000
6223 2067 7047 6808 4002 5877 1881 1811 7993 355 5497 207 8220 8068 2842 2107 2955 633 498 4890 124 4419 719 3599 5695 7073 2734 1426 8134 3873 5717 6699 4560 9641 4213 962 8116 8443 2738 8833 7001 9477 672 9408 6917 1940 4230 7136 6604 8510 9649 5563 2531 3080 5317 8375 442 6279 8733 3764 5400 2191 147 4352 1353 3211 7387 5931 7082 451 893 9402 655 2253 3388 2257 2063 7880 8189 2447 6696 8769 1376 8642 858 1343 4522 4903 8248 854 4228 8611 5170 6736 6036 4246 782 9472 5409 1839 
100 10000
5368 2609 4805 701 1291 3837 923 7069 7615 1287 208 6669 2614 6732 2655 4120 3224 2617 3189 1018 4428 3170 4234 9873 9739 5078 4780 1656 1449 8308 7959 4274 1681 3871 5880 6181 2774 6470 1874 8864 7701 7484 4304 2775 7279 6990 1433 9570 7892 4250 4682 3515 3542 7838 3085 3358 4070 97 6999 7890 5243 1764 6424 1180 9083 5887 1198 5983 2882 8585 3303 2241 5963 3497 3726 4351 6761 3359 3549 7199 7702 4126 4238 69 7767 3158 4349 7877 4908 576 1214 3091 461 5401 3978 1089 9115 2244 6664 2422 
