733808676
263485815
93847948
594543675
22647748
416835361
510240479
144074785
395239887
500342229
657517182
763664
455226177
15067904
728897375
680926067
103246177
338806396
98253712
619453294
574098577
363831910
694091047
379481167
489615736
575020742
781227548
946477164
730753814
180773635
2306346
440530048
919597560
99288478
353724024
150641912
857618208
300126371
894277675
189409857
522497318
256795965
835068292
380865308
923660633
953050292
821315435
925030397
810230008
473668647
791249758
189331732
488682691
711446441
543513651
271620719
745421562
241577437
435614474
187618320
163414471
249747848
15890779
817638399
337835010
321411332
262191966
588364818
971226776
341169250
584940312
382909979
967883278
801315031
517366795
465905006
515428526
904724466
383865292
217806903
478830590
98154764
619074769
21055951
296453596
392952027
886488459
182545938
645033436
588617677
157650355
491416129
788411187
391736280
712568041
39861332
354109090
248413850
146049915
322194910
